numConsumers,p25,p50,p75,p90,p99,p99.9,p99.99,p99.999,mps,fps
1,36,37,43,79,668,668,668,668,79065.75,1.0166666666666666
2,33,37,45,81,315,338,338,338,180370.56666666668,2.283333333333333
4,33,37,48,75,341,361,361,361,393485.18333333335,4.916666666666667
8,34,39,48,71,328,427,427,427,814281.55,10
16,40,46,53,69,352,496,642,642,1.3487835e+06,17.15
32,43,55,74,104,6784,19150,22371,22371,2.0450793333333333e+06,25.866666666666667
64,39,51,65,85,34533,89994,95862,95862,2.0980055e+06,26.333333333333332
128,36,47,59,77,143323,225912,238524,238524,2.1227533833333333e+06,27.783333333333335
256,33,41,56,70,312835,446994,472354,472354,2.1206874833333334e+06,29.683333333333334
