numConsumers,p25,p50,p75,p90,p99,p99.9,p99.99,p99.999,mps,fps
1,35,38,47,114,338,338,338,338,82189.43333333333,1.05
2,35,39,47,81,281,318,318,318,185584.73333333334,2.3333333333333335
4,35,40,48,76,359,671,671,671,403319.06666666665,5
8,36,40,48,69,129,531,531,531,824757,10
16,44,50,57,78,489,576,804,804,1.3527235333333334e+06,17.15
32,43,56,73,100,7279,19242,30366,30366,2.0498121166666667e+06,26.066666666666666
64,41,53,70,93,57690,95007,104098,104098,2.1033484e+06,26.466666666666665
128,39,50,64,82,98820,304712,336342,336342,2.12470335e+06,27.766666666666666
256,34,45,59,77,271313,752917,1228321,1228321,2.1198162333333334e+06,29.7
