numConsumers,p25,p50,p75,p90,p99,p99.9,p99.99,p99.999,mps,fps
1,35,38,40,52,395,395,395,395,82789.93333333333,1.05
2,35,39,54,73,263,652,652,652,181696.21666666667,2.3
4,35,39,47,75,426,973,973,973,392129.75,4.916666666666667
8,37,42,50,74,374,992,992,992,814722.85,9.983333333333333
16,41,48,54,67,111,431,458,458,1.3348401e+06,16.933333333333334
32,42,56,74,104,8693,21215,21785,21785,2.04362795e+06,25.95
64,39,53,70,100,44492,83546,91532,91532,2.09823015e+06,26.316666666666666
128,36,48,64,88,136953,266512,294485,294485,2.1159249e+06,27.733333333333334
256,33,43,58,75,263144,1136188,1156103,1156103,2.122756783333333e+06,29.7
