numConsumers,p25,p50,p75,p90,p99,p99.9,p99.99,p99.999,mps,fps
1,35,39,61,80,612,612,612,612,80964.61666666667,1.0333333333333334
2,33,38,60,89,398,405,405,405,185148.43333333332,2.3333333333333335
4,36,40,50,81,254,323,323,323,385407.25,4.85
8,36,41,49,76,272,363,363,363,818048.3333333334,10
16,42,47,55,82,482,616,675,675,1.3615655666666667e+06,17.25
32,43,55,74,97,6476,23432,29871,29871,2.04377215e+06,26.1
64,39,53,68,91,36336,52248,53716,53716,2.1035788e+06,26.416666666666668
128,37,47,62,82,171976,268570,328930,328930,2.1354786666666665e+06,27.766666666666666
256,35,45,58,75,387268,967618,1144795,1144795,2.1319901166666667e+06,29.666666666666668
