numConsumers,p25,p50,p75,p90,p99,p99.9,p99.99,p99.999,mps,fps
1,45,48,123,137,1132,1132,1132,1132,81081.66666666667,1.0333333333333334
2,42,46,57,117,436,484,484,484,166047.36666666667,2.1333333333333333
4,44,49,71,122,454,477,477,477,316859.61666666664,4.033333333333333
8,46,52,67,122,362,912,912,912,607869.4,7.8
16,31,36,41,62,347,520,619,619,1.8907138e+06,20
32,45,61,84,107,741,19044,24705,24705,2.0412611833333333e+06,26.3
64,42,55,73,99,31828,95439,103786,103786,2.0637708333333333e+06,25.783333333333335
128,38,50,68,86,3207,157578,177487,177487,2.0686143833333333e+06,27.35
256,37,48,64,83,216,2057,457966,457966,2.0670983166666667e+06,29.233333333333334
