numConsumers,p25,p50,p75,p90,p99,p99.9,p99.99,p99.999,mps,fps
1,17,21,33,41,90,328,345,345,77866.31666666667,44.55
2,10,12,15,28,60,186,533,533,199533.1,114.4
4,8,9,11,17,67,178,443,1210,486282.0833333333,243.13333333333333
8,9,10,12,29,63,130,1071,1612,901772.0666666667,486.26666666666665
16,10,12,14,18,55,97,394,2694,1.3442754e+06,776.1166666666667
24,11,12,15,20,46,157,16642,25299,1.61676805e+06,900.6833333333333
32,8,9,12,15,56,102,10165,104614,2.1514346166666667e+06,1177.1166666666666
48,9,10,11,15,60,158,165058,253886,2.1559273666666667e+06,1144.5833333333333
64,9,10,11,15,59,175,417540,576755,2.142000433333333e+06,1160.3666666666666
96,7,9,12,17,58,96105,176346,182434,263197.31666666665,966.7833333333333
128,7,9,12,17,56,253577,258485,259314,406692.4166666667,591.2
192,6,9,12,16,45,265111,358111,375074,501179.2833333333,580.6833333333333
