numConsumers,p25,p50,p75,p90,p99,p99.9,p99.99,p99.999,mps,fps
1,17,20,31,40,92,166,404,404,77461.8,44.46666666666667
2,10,12,14,28,60,194,351,351,201457.86666666667,115.03333333333333
4,9,10,12,20,64,148,435,3296,443562.86666666664,243.13333333333333
8,9,10,13,30,64,158,637,1155,901243.2333333333,486.26666666666665
16,10,12,14,18,57,92,2490,3124,1.3469063e+06,777.7833333333333
24,11,12,16,20,44,113,5519,15979,1.6099207333333334e+06,900.6666666666666
32,8,9,12,15,56,88,9253,97894,2.1551241666666665e+06,1181.0833333333333
48,9,10,11,15,61,136,90810,266667,2.143668e+06,1136.6
64,9,10,11,15,61,179,429517,519839,2.137401283333333e+06,1166.0166666666667
96,7,10,13,18,57,98635,146138,174778,208320.01666666666,882
128,7,10,13,17,52,216223,247693,285133,388625.31666666665,626.55
192,7,9,12,16,53,248866,404973,413449,560160.2333333333,610.3666666666667
