numConsumers,p25,p50,p75,p90,p99,p99.9,p99.99,p99.999,mps,fps
1,17,20,32,39,80,130,157,157,78224.25,44.9
2,10,12,15,29,57,185,240,240,197945.16666666666,112.98333333333333
4,8,10,12,20,59,134,200,683,469934.48333333334,243.13333333333333
8,9,10,13,30,67,144,1321,2627,893350.3166666667,483.4166666666667
16,10,12,14,18,55,90,482,3453,1.3471346166666667e+06,776.0166666666667
24,11,12,16,20,45,120,3319,10195,1.6284213833333333e+06,910.3333333333334
32,8,10,12,15,56,97,1563,116357,2.155278683333333e+06,1184.2833333333333
48,9,10,11,15,60,126,125113,301646,2.1501953e+06,1137.3
64,9,10,11,15,60,168,335490,435736,2.1706206e+06,1174.3333333333333
96,8,10,13,18,57,118587,201322,208968,194039.43333333332,947.8666666666667
128,7,9,12,17,56,204618,479841,480201,427000.26666666666,813.2
192,7,9,12,16,60,455996,499822,779250,583100.4,962.55
