numConsumers,p25,p50,p75,p90,p99,p99.9,p99.99,p99.999,mps,fps
1,17,20,33,41,90,203,1832,1832,77497.2,44.36666666666667
2,11,12,16,29,62,258,324,324,194068.71666666667,110.6
4,9,10,12,17,74,162,208,273,465439.3,243.13333333333333
8,9,10,13,29,65,166,1262,1429,884702.6333333333,486.26666666666665
16,10,12,14,18,57,99,724,2966,1.3311653833333333e+06,770.3666666666667
24,11,12,16,20,46,116,1773,23961,1.6220629333333333e+06,901.1666666666666
32,9,10,12,15,56,91,18202,37406,2.1661930166666666e+06,1179.8
48,9,10,11,15,60,135,150352,287847,2.1502704e+06,1139.8166666666666
64,9,10,11,15,59,156,317170,454870,2.153315466666667e+06,1166.0166666666667
96,7,10,13,18,73,115086,151560,186225,228171.63333333333,894.8166666666667
128,7,9,12,16,55,143094,421692,429265,492488.65,938.9666666666667
192,7,9,12,17,55,307058,455111,620800,593158.6,663.3833333333333
