numConsumers,p25,p50,p75,p90,p99,p99.9,p99.99,p99.999,mps,fps
1,21,23,39,48,119,282,327,327,75668.26666666666,43.53333333333333
2,15,16,20,40,102,375,460,460,162453.13333333333,94.63333333333334
4,11,14,16,26,105,280,1067,1705,382258.31666666665,218.93333333333334
8,7,9,12,27,66,159,854,2122,1.0708829e+06,486.26666666666665
16,7,9,10,13,43,85,2252,3720,1.8721174333333333e+06,972.5333333333333
24,9,9,11,15,43,89,2192,17460,2.1070886333333333e+06,1203.9333333333334
32,9,10,13,16,62,114,58640,82559,2.1125805833333335e+06,1178.5
48,9,10,12,16,65,187,107617,325463,2.0974352666666666e+06,1110.9
64,9,10,12,16,67,253,353258,435999,2.10257965e+06,1140.6833333333334
96,8,11,15,20,90,187002,272686,273351,424943.38333333336,1334.6833333333334
128,9,12,16,21,78,206856,423340,593473,452548.51666666666,747.1833333333333
192,8,10,14,19,66,506122,651316,652122,576628.65,649.65
